      0.000000000000000000      0.000000000000000000      5.285180821775843363
      0.000000000000000000      0.167551608191455620      5.254452548898341568
      0.000000000000000000      0.335103216382911240      5.164630526879258277
      0.000000000000000000      0.502654824574366832      5.010557568681282881
      0.000000000000000000      0.670206432765822480      4.812787949916988772
      0.000000000000000000      0.837758040957278127      4.573824064841464754
      0.000000000000000000      1.005309649148733664      4.311182627022559721
      0.000000000000000000      1.172861257340189312      4.044703959757510070
      0.000000000000000000      1.340412865531644959      3.806160354739931861
      0.000000000000000000      1.507964473723100607      3.594572756992929108
      0.000000000000000000      1.675516081914556255      3.432172603392411148
      0.000000000000000000      1.843067690106011902      3.320557072597812187
      0.000000000000000000      2.010619298297467328      3.267502543592055275
      0.000000000000000000      2.178170906488922753      3.263650442220590087
      0.000000000000000000      2.345722514680378179      3.310362155816058305
      0.000000000000000000      2.513274122871833605      3.418915383776645278
      0.000000000000000000      2.680825731063289030      3.582210974680036575
      0.000000000000000000      2.848377339254744456      3.797317538388813141
      0.000000000000000000      3.015928947446199881      4.039478569826649768
      0.000000000000000000      3.183480555637655307      4.308634446904771487
      0.000000000000000000      3.351032163829110733      4.573559685401540342
      0.000000000000000000      3.518583772020566158      4.813974981016085231
      0.000000000000000000      3.686135380212021584      5.012317629617023762
      0.000000000000000000      3.853686988403477010      5.166047590431972480
      0.000000000000000000      4.021238596594932879      5.255215659407896034
      0.000000000000000000      4.188790204786388749      5.285261170284540455
      0.145103949138737393     -0.083775804095727810      5.257834128158663134
      0.145103949138737393      0.083775804095727810      5.257510018475190172
      0.145103949138737393      0.251327412287183416      5.203760046697889941
      0.145103949138737393      0.418879020478639008      5.089320141122549046
      0.145103949138737393      0.586430628670094656      4.933090165982407349
      0.145103949138737393      0.753982236861550303      4.735510548707452472
      0.145103949138737393      0.921533845053005840      4.503146428008006019
      0.145103949138737393      1.089085453244461599      4.271836693315962385
      0.145103949138737393      1.256637061435917246      4.038211384818846561
      0.145103949138737393      1.424188669627372894      3.837715418229862507
      0.145103949138737393      1.591740277818828542      3.673847098142753786
      0.145103949138737393      1.759291886010284189      3.555189979448128756
      0.145103949138737393      1.926843494201739615      3.479021804727281175
      0.145103949138737393      2.094395102393194819      3.452697259239554395
      0.145103949138737393      2.261946710584650244      3.469805345403127017
      0.145103949138737393      2.429498318776105670      3.539325942356191579
      0.145103949138737393      2.597049926967561095      3.662846532968329072
      0.145103949138737393      2.764601535159016521      3.828788970239949130
      0.145103949138737393      2.932153143350471947      4.032786366088242147
      0.145103949138737393      3.099704751541927372      4.262272813008967987
      0.145103949138737393      3.267256359733382798      4.505827217327085243
      0.145103949138737393      3.434807967924838223      4.733624843374661495
      0.145103949138737393      3.602359576116293649      4.933056491506094154
      0.145103949138737393      3.769911184307749075      5.090009772768050667
      0.145103949138737393      3.937462792499204944      5.204437344458549219
      0.145103949138737393      4.105014400690660814      5.257798040613533175
      0.290207898277474785     -0.167551608191455620      5.171234068168606868
      0.290207898277474785      0.000000000000000000      5.194278899440578634
      0.290207898277474785      0.167551608191455620      5.171069419446395976
      0.290207898277474785      0.335103216382911184      5.092761558127781640
      0.290207898277474785      0.502654824574366832      4.966013660172463595
      0.290207898277474785      0.670206432765822480      4.810803096534991496
      0.290207898277474785      0.837758040957278016      4.628324475048922970
      0.290207898277474785      1.005309649148733664      4.425707347302025418
      0.290207898277474785      1.172861257340189312      4.224869534981094965
      0.290207898277474785      1.340412865531644959      4.038225960687017668
      0.290207898277474785      1.507964473723100607      3.884667876755390381
      0.290207898277474785      1.675516081914556255      3.764111166594959812
      0.290207898277474785      1.843067690106011680      3.675102661482887445
      0.290207898277474785      2.010619298297467328      3.633957274737351639
      0.290207898277474785      2.178170906488922753      3.628385271727660566
      0.290207898277474785      2.345722514680378179      3.666443566477572524
      0.290207898277474785      2.513274122871833605      3.742511133210093099
      0.290207898277474785      2.680825731063289030      3.868783936064563278
      0.290207898277474785      2.848377339254744456      4.024644861050025391
      0.290207898277474785      3.015928947446199881      4.207072029327479257
      0.290207898277474785      3.183480555637655307      4.413268374063634703
      0.290207898277474785      3.351032163829110733      4.621457572154326954
      0.290207898277474785      3.518583772020566158      4.807650513719702978
      0.290207898277474785      3.686135380212021584      4.964983009652248924
      0.290207898277474785      3.853686988403477454      5.092642071475773413
      0.290207898277474785      4.021238596594932879      5.171220414959901923
      0.435311847416212205     -0.251327412287183416      5.019968837963544317
      0.435311847416212205     -0.083775804095727796      5.067974114694623111
      0.435311847416212205      0.083775804095727824      5.068184198347759128
      0.435311847416212205      0.251327412287183416      5.020771940965804703
      0.435311847416212205      0.418879020478639064      4.940439977544834882
      0.435311847416212205      0.586430628670094656      4.814720725551228320
      0.435311847416212205      0.753982236861550303      4.673458799905964689
      0.435311847416212205      0.921533845053005951      4.502835855992426417
      0.435311847416212205      1.089085453244461599      4.336319284817982123
      0.435311847416212205      1.256637061435917246      4.182105819610585584
      0.435311847416212205      1.424188669627372894      4.042928236969683731
      0.435311847416212205      1.591740277818828542      3.932641976012147822
      0.435311847416212205      1.759291886010283967      3.842270444034154853
      0.435311847416212205      1.926843494201739393      3.789400281076927168
      0.435311847416212205      2.094395102393194819      3.769356867206494321
      0.435311847416212205      2.261946710584650244      3.777404893793070428
      0.435311847416212205      2.429498318776105670      3.827306366159094253
      0.435311847416212205      2.597049926967561095      3.905535224762112456
      0.435311847416212205      2.764601535159016521      4.022292336939890411
      0.435311847416212205      2.932153143350471947      4.164216894268038871
      0.435311847416212205      3.099704751541927372      4.322990453886501605
      0.435311847416212205      3.267256359733382798      4.496460099694845169
      0.435311847416212205      3.434807967924838223      4.665165208708794253
      0.435311847416212205      3.602359576116293649      4.810264755754857902
      0.435311847416212205      3.769911184307749519      4.938252229934284365
      0.435311847416212205      3.937462792499205388      5.019984361328289957
      0.580415796554949570     -0.335103216382911240      4.824229416428465811
      0.580415796554949570     -0.167551608191455620      4.875485069154708917
      0.580415796554949570      0.000000000000000000      4.900180863810081888
      0.580415796554949570      0.167551608191455592      4.876746193648998862
      0.580415796554949570      0.335103216382911240      4.827294549753867514
      0.580415796554949570      0.502654824574366943      4.738134601064110996
      0.580415796554949570      0.670206432765822369      4.636597873750426757
      0.580415796554949570      0.837758040957278016      4.507169955077185541
      0.580415796554949570      1.005309649148733664      4.379823743137465364
      0.580415796554949570      1.172861257340189312      4.258827777285765670
      0.580415796554949570      1.340412865531644959      4.144414430220377810
      0.580415796554949570      1.507964473723100607      4.048812280800992092
      0.580415796554949570      1.675516081914556032      3.968995927786752809
      0.580415796554949570      1.843067690106011458      3.915410082107619427
      0.580415796554949570      2.010619298297466884      3.884252209072558859
      0.580415796554949570      2.178170906488922309      3.877678758119103453
      0.580415796554949570      2.345722514680377735      3.903099916540296199
      0.580415796554949570      2.513274122871833161      3.948016858733874201
      0.580415796554949570      2.680825731063288586      4.023548596585460935
      0.580415796554949570      2.848377339254744012      4.119556477474489498
      0.580415796554949570      3.015928947446199437      4.237564780566517086
      0.580415796554949570      3.183480555637654863      4.364355615651237308
      0.580415796554949570      3.351032163829110289      4.499372557724122146
      0.580415796554949570      3.518583772020565714      4.626932166213508779
      0.580415796554949570      3.686135380212021584      4.732498231753782036
      0.580415796554949570      3.853686988403477454      4.824239679530663238
      0.725519745693687046     -0.418879020478639064      4.586801521502089862
      0.725519745693687046     -0.251327412287183471      4.638596527376276590
      0.725519745693687046     -0.083775804095727824      4.666621840745270866
      0.725519745693687046      0.083775804095727768      4.667676738194190378
      0.725519745693687046      0.251327412287183416      4.641946738496487868
      0.725519745693687046      0.418879020478639064      4.593186441886282445
      0.725519745693687046      0.586430628670094656      4.519722943503762913
      0.725519745693687046      0.753982236861550303      4.439033875541535501
      0.725519745693687046      0.921533845053005951      4.345573711844687104
      0.725519745693687046      1.089085453244461599      4.263350389514643624
      0.725519745693687046      1.256637061435917246      4.181753297753376231
      0.725519745693687046      1.424188669627372894      4.110903844802373364
      0.725519745693687046      1.591740277818828320      4.052766177916568680
      0.725519745693687046      1.759291886010283745      4.003381135634125343
      0.725519745693687046      1.926843494201739171      3.971982028558696420
      0.725519745693687046      2.094395102393194374      3.960596875604799560
      0.725519745693687046      2.261946710584649800      3.964677413253187677
      0.725519745693687046      2.429498318776105226      3.984724270424946813
      0.725519745693687046      2.597049926967560651      4.026278292003522274
      0.725519745693687046      2.764601535159016077      4.081265481497774239
      0.725519745693687046      2.932153143350471503      4.153375155706413580
      0.725519745693687046      3.099704751541926928      4.239363880514696703
      0.725519745693687046      3.267256359733382354      4.328163119346368326
      0.725519745693687046      3.434807967924837779      4.421757023648360097
      0.725519745693687046      3.602359576116293649      4.508921858959181073
      0.725519745693687046      3.769911184307749519      4.586784981138515960
      0.870623694832424411     -0.502654824574366832      4.325283385906180555
      0.870623694832424411     -0.335103216382911184      4.371336439543052066
      0.870623694832424411     -0.167551608191455592      4.399319854714486056
      0.870623694832424411      0.000000000000000000      4.404643295148175319
      0.870623694832424411      0.167551608191455648      4.402204976181224971
      0.870623694832424411      0.335103216382911295      4.369818565550200873
      0.870623694832424411      0.502654824574366832      4.336861763219717503
      0.870623694832424411      0.670206432765822480      4.287192016856206322
      0.870623694832424411      0.837758040957278127      4.236028670138503038
      0.870623694832424411      1.005309649148733886      4.195693249749151477
      0.870623694832424411      1.172861257340189312      4.152630390393182047
      0.870623694832424411      1.340412865531645181      4.114534207125936760
      0.870623694832424411      1.507964473723100607      4.081196140936978800
      0.870623694832424411      1.675516081914556032      4.053413341749045884
      0.870623694832424411      1.843067690106011458      4.032781393600246567
      0.870623694832424411      2.010619298297466884      4.015215194097187634
      0.870623694832424411      2.178170906488922309      4.008318280612415130
      0.870623694832424411      2.345722514680377735      4.012866838272217684
      0.870623694832424411      2.513274122871833161      4.029033958945720251
      0.870623694832424411      2.680825731063288586      4.050091679611385054
      0.870623694832424411      2.848377339254744012      4.081185122113459407
      0.870623694832424411      3.015928947446199437      4.121318830191491145
      0.870623694832424411      3.183480555637654863      4.169435862554781380
      0.870623694832424411      3.351032163829110289      4.216824667321401598
      0.870623694832424411      3.518583772020566158      4.268521217451457517
      0.870623694832424411      3.686135380212022028      4.325295096938585715
      1.015727643971161775     -0.586430628670094656      4.057838634445984027
      1.015727643971161775     -0.418879020478639008      4.072257394187322355
      1.015727643971161775     -0.251327412287183416      4.092096413317166004
      1.015727643971161775     -0.083775804095727824      4.104420384615338868
      1.015727643971161775      0.083775804095727824      4.106434113684708898
      1.015727643971161775      0.251327412287183471      4.098564127362502418
      1.015727643971161775      0.418879020478639008      4.084496628455836387
      1.015727643971161775      0.586430628670094656      4.069715543725735074
      1.015727643971161775      0.753982236861550303      4.066599479935314676
      1.015727643971161775      0.921533845053005951      4.060931313616074512
      1.015727643971161775      1.089085453244461599      4.059507356123854827
      1.015727643971161775      1.256637061435917246      4.059796653305673964
      1.015727643971161775      1.424188669627372672      4.059056971525135893
      1.015727643971161775      1.591740277818828098      4.056036666759223586
      1.015727643971161775      1.759291886010283523      4.050825656259619656
      1.015727643971161775      1.926843494201738949      4.044244698473407063
      1.015727643971161775      2.094395102393194374      4.037290452758017345
      1.015727643971161775      2.261946710584649800      4.036652310830819879
      1.015727643971161775      2.429498318776105226      4.031154604847545286
      1.015727643971161775      2.597049926967560651      4.026895216783702658
      1.015727643971161775      2.764601535159016077      4.024132163310795818
      1.015727643971161775      2.932153143350471503      4.023440669407917447
      1.015727643971161775      3.099704751541926928      4.025921113595925860
      1.015727643971161775      3.267256359733382354      4.033142625914749146
      1.015727643971161775      3.434807967924838223      4.038610008779251359
      1.015727643971161775      3.602359576116294093      4.057850738473041119
      1.160831593109899140     -0.670206432765822480      3.807898848115180090
      1.160831593109899140     -0.502654824574366832      3.792799118169350781
      1.160831593109899140     -0.335103216382911240      3.779872401850868258
      1.160831593109899140     -0.167551608191455648      3.774947015829019037
      1.160831593109899140      0.000000000000000000      3.775540247772411373
      1.160831593109899140      0.167551608191455648      3.780725509566911668
      1.160831593109899140      0.335103216382911184      3.792106323335911799
      1.160831593109899140      0.502654824574366832      3.804304041939866377
      1.160831593109899140      0.670206432765822480      3.836131990874264375
      1.160831593109899140      0.837758040957278127      3.869870748452933551
      1.160831593109899140      1.005309649148733886      3.902483646859156607
      1.160831593109899140      1.172861257340189312      3.944252207531011578
      1.160831593109899140      1.340412865531644737      3.981781619644483960
      1.160831593109899140      1.507964473723100163      4.011331243322429074
      1.160831593109899140      1.675516081914555588      4.037069045340224704
      1.160831593109899140      1.843067690106011014      4.045935800107259617
      1.160831593109899140      2.010619298297466440      4.049931829266625094
      1.160831593109899140      2.178170906488921865      4.043347047218793122
      1.160831593109899140      2.345722514680377291      4.032568705453415170
      1.160831593109899140      2.513274122871832716      4.006663811479639570
      1.160831593109899140      2.680825731063288142      3.978588362033634418
      1.160831593109899140      2.848377339254743568      3.944185409181230728
      1.160831593109899140      3.015928947446198993      3.905987071547033729
      1.160831593109899140      3.183480555637654419      3.867653798829356671
      1.160831593109899140      3.351032163829110289      3.833601750002380015
      1.160831593109899140      3.518583772020566158      3.807889522129595861
      1.305935542248636727     -0.753982236861550303      3.600090165643315743
      1.305935542248636727     -0.586430628670094656      3.532664221449032915
      1.305935542248636727     -0.418879020478639064      3.490956217149300489
      1.305935542248636727     -0.251327412287183471      3.461820051617826799
      1.305935542248636727     -0.083775804095727824      3.445195258605989519
      1.305935542248636727      0.083775804095727824      3.448688178568528606
      1.305935542248636727      0.251327412287183360      3.464534618946687683
      1.305935542248636727      0.418879020478639008      3.501946065376597250
      1.305935542248636727      0.586430628670094656      3.560719267928555087
      1.305935542248636727      0.753982236861550303      3.629213771918750275
      1.305935542248636727      0.921533845053005951      3.701191308826560444
      1.305935542248636727      1.089085453244461599      3.783989024437564019
      1.305935542248636727      1.256637061435917024      3.861962769252798910
      1.305935542248636727      1.424188669627372450      3.928963186400887597
      1.305935542248636727      1.591740277818827876      3.980716102643270471
      1.305935542248636727      1.759291886010283301      4.020376875791404458
      1.305935542248636727      1.926843494201738727      4.039931881464807972
      1.305935542248636727      2.094395102393193930      4.044316549865007993
      1.305935542248636727      2.261946710584649800      4.033439053628067761
      1.305935542248636727      2.429498318776104782      4.002391886257984588
      1.305935542248636727      2.597049926967560651      3.952911131069687389
      1.305935542248636727      2.764601535159015633      3.893780050489553446
      1.305935542248636727      2.932153143350471503      3.822744150060986890
      1.305935542248636727      3.099704751541926484      3.744635388637733264
      1.305935542248636727      3.267256359733382354      3.672754121551146334
      1.305935542248636727      3.434807967924838223      3.600088587750467362
      1.451039491387374092     -0.837758040957278127      3.434406429511004166
      1.451039491387374092     -0.670206432765822480      3.327298158879394396
      1.451039491387374092     -0.502654824574366943      3.232598750441592284
      1.451039491387374092     -0.335103216382911295      3.165692860439545342
      1.451039491387374092     -0.167551608191455648      3.131824430420242056
      1.451039491387374092      0.000000000000000000      3.117986258568997471
      1.451039491387374092      0.167551608191455537      3.132529472508823076
      1.451039491387374092      0.335103216382911184      3.183052311864595030
      1.451039491387374092      0.502654824574366832      3.259535998454163419
      1.451039491387374092      0.670206432765822480      3.355903635161218368
      1.451039491387374092      0.837758040957278127      3.470101022390957191
      1.451039491387374092      1.005309649148733886      3.584065599045384243
      1.451039491387374092      1.172861257340189312      3.702244357629318916
      1.451039491387374092      1.340412865531644737      3.802465952110867242
      1.451039491387374092      1.507964473723100163      3.897740293920461063
      1.451039491387374092      1.675516081914555588      3.969455572806624311
      1.451039491387374092      1.843067690106011014      4.013753695179328673
      1.451039491387374092      2.010619298297466440      4.039655211320991590
      1.451039491387374092      2.178170906488921865      4.033910081660890157
      1.451039491387374092      2.345722514680377291      4.002734528898208133
      1.451039491387374092      2.513274122871832716      3.942186474278012831
      1.451039491387374092      2.680825731063288142      3.867844345919202009
      1.451039491387374092      2.848377339254743568      3.772700766590204147
      1.451039491387374092      3.015928947446198993      3.662659552960934040
      1.451039491387374092      3.183480555637654863      3.544743839156397680
      1.451039491387374092      3.351032163829110733      3.434408619015883346
      1.596143440526111457     -0.921533845053005951      3.321252167104019826
      1.596143440526111457     -0.753982236861550303      3.171546264050161046
      1.596143440526111457     -0.586430628670094656      3.038199286828782597
      1.596143440526111457     -0.418879020478639119      2.933634777878177946
      1.596143440526111457     -0.251327412287183471      2.854087666535422230
      1.596143440526111457     -0.083775804095727824      2.814662169251858970
      1.596143440526111457      0.083775804095727713      2.819392473084938455
      1.596143440526111457      0.251327412287183360      2.868568494974895522
      1.596143440526111457      0.418879020478639008      2.950725777030779096
      1.596143440526111457      0.586430628670094656      3.064654997918080159
      1.596143440526111457      0.753982236861550303      3.205298603236623300
      1.596143440526111457      0.921533845053005951      3.359187349314202375
      1.596143440526111457      1.089085453244461377      3.507321894970819809
      1.596143440526111457      1.256637061435916802      3.653378909567667421
      1.596143440526111457      1.424188669627372228      3.781583955509414174
      1.596143440526111457      1.591740277818827654      3.890538671904201440
      1.596143440526111457      1.759291886010283079      3.973190390678571937
      1.596143440526111457      1.926843494201738505      4.018089683789789923
      1.596143440526111457      2.094395102393193930      4.033971041201834140
      1.596143440526111457      2.261946710584649356      4.007742699943436904
      1.596143440526111457      2.429498318776104782      3.952916643304054567
      1.596143440526111457      2.597049926967560207      3.867442638359691376
      1.596143440526111457      2.764601535159015633      3.751081815163999078
      1.596143440526111457      2.932153143350471058      3.617502228559414945
      1.596143440526111457      3.099704751541926928      3.468857660262810505
      1.596143440526111457      3.267256359733382798      3.321253787844120176
      1.741247389664848821     -1.005309649148733664      3.267923024100934271
      1.741247389664848821     -0.837758040957278016      3.084616841539494114
      1.741247389664848821     -0.670206432765822369      2.913347490524151429
      1.741247389664848821     -0.502654824574366832      2.767412780997770216
      1.741247389664848821     -0.335103216382911184      2.646169210371153380
      1.741247389664848821     -0.167551608191455537      2.570268665540163866
      1.741247389664848821      0.000000000000000000      2.549714987141106892
      1.741247389664848821      0.167551608191455648      2.580672198429428299
      1.741247389664848821      0.335103216382911295      2.667019549594438654
      1.741247389664848821      0.502654824574366943      2.790425892209845937
      1.741247389664848821      0.670206432765822591      2.943787619677995515
      1.741247389664848821      0.837758040957278238      3.119535261242600832
      1.741247389664848821      1.005309649148733664      3.304101703464414896
      1.741247389664848821      1.172861257340189090      3.478694074818315052
      1.741247389664848821      1.340412865531644515      3.645814341344177478
      1.741247389664848821      1.507964473723099941      3.794545321139862093
      1.741247389664848821      1.675516081914555366      3.908588814122773147
      1.741247389664848821      1.843067690106010792      3.992400751220913868
      1.741247389664848821      2.010619298297465996      4.033514878353807731
      1.741247389664848821      2.178170906488921865      4.028891214150407407
      1.741247389664848821      2.345722514680376847      3.978691860558194904
      1.741247389664848821      2.513274122871832716      3.892613813134660372
      1.741247389664848821      2.680825731063287698      3.770920573015394073
      1.741247389664848821      2.848377339254743568      3.615958320662580938
      1.741247389664848821      3.015928947446199437      3.444457094858512480
      1.741247389664848821      3.183480555637655307      3.267923515099209641
      1.886351338803585964     -1.089085453244461377      3.264456594873461182
      1.886351338803585964     -0.921533845053005729      3.053664839982064727
      1.886351338803585964     -0.753982236861550081      2.853249479010229628
      1.886351338803585964     -0.586430628670094545      2.670175041607363298
      1.886351338803585964     -0.418879020478638897      2.525479511104495423
      1.886351338803585964     -0.251327412287183249      2.417637805483454194
      1.886351338803585964     -0.083775804095727713      2.366508611433214782
      1.886351338803585964      0.083775804095727935      2.364157764858490829
      1.886351338803585964      0.251327412287183583      2.433998395764691569
      1.886351338803585964      0.418879020478639230      2.543758558142098281
      1.886351338803585964      0.586430628670094878      2.703413670490072640
      1.886351338803585964      0.753982236861550525      2.883819152098596739
      1.886351338803585964      0.921533845053005951      3.086092858366776159
      1.886351338803585964      1.089085453244461377      3.295974539498476741
      1.886351338803585964      1.256637061435916802      3.499054565907989467
      1.886351338803585964      1.424188669627372228      3.681148417311540744
      1.886351338803585964      1.591740277818827654      3.835824553247465296
      1.886351338803585964      1.759291886010283079      3.958231827866852459
      1.886351338803585964      1.926843494201738505      4.032536032454006047
      1.886351338803585964      2.094395102393193930      4.053067491667299294
      1.886351338803585964      2.261946710584649356      4.024463179815071179
      1.886351338803585964      2.429498318776104782      3.942315819423118484
      1.886351338803585964      2.597049926967560207      3.819259234469448483
      1.886351338803585964      2.764601535159015633      3.658151309637885262
      1.886351338803585964      2.932153143350471503      3.470857223749148623
      1.886351338803585964      3.099704751541927372      3.264456498404850748
      2.031455287942323107     -1.172861257340189090      3.311247985243142455
      2.031455287942323107     -1.005309649148733442      3.074898561469643798
      2.031455287942323107     -0.837758040957277794      2.846245284242449269
      2.031455287942323107     -0.670206432765822258      2.637884860932494746
      2.031455287942323107     -0.502654824574366610      2.467745766878611136
      2.031455287942323107     -0.335103216382910962      2.349345375372779543
      2.031455287942323107     -0.167551608191455426      2.279902924352558813
      2.031455287942323107      0.000000000000000222      2.264474231511031554
      2.031455287942323107      0.167551608191455870      2.291299267356131431
      2.031455287942323107      0.335103216382911517      2.370433200629572745
      2.031455287942323107      0.502654824574367165      2.495994971393744599
      2.031455287942323107      0.670206432765822813      2.670815208802605589
      2.031455287942323107      0.837758040957278238      2.874182670750504709
      2.031455287942323107      1.005309649148733664      3.102820404724256687
      2.031455287942323107      1.172861257340189090      3.336915173849324123
      2.031455287942323107      1.340412865531644515      3.564340485963461980
      2.031455287942323107      1.507964473723099941      3.760610916556924366
      2.031455287942323107      1.675516081914555366      3.917953799502763346
      2.031455287942323107      1.843067690106010792      4.031405043178745373
      2.031455287942323107      2.010619298297465996      4.085142644448724880
      2.031455287942323107      2.178170906488921865      4.081656224693995583
      2.031455287942323107      2.345722514680376847      4.020967310760507729
      2.031455287942323107      2.513274122871832716      3.900824583668326628
      2.031455287942323107      2.680825731063287698      3.737285644389462202
      2.031455287942323107      2.848377339254743568      3.535706659618421899
      2.031455287942323107      3.015928947446199437      3.311245848793024749
      2.176559237081060250     -1.256637061435916802      3.418845506712151927
      2.176559237081060250     -1.089085453244461155      3.160685743108090140
      2.176559237081060250     -0.921533845053005507      2.901014408942324430
      2.176559237081060250     -0.753982236861549970      2.658606851821905259
      2.176559237081060250     -0.586430628670094323      2.461672829856819344
      2.176559237081060250     -0.418879020478638675      2.329313307225239882
      2.176559237081060250     -0.251327412287183138      2.264408536408772932
      2.176559237081060250     -0.083775804095727491      2.264792700418994720
      2.176559237081060250      0.083775804095728157      2.262396216898238777
      2.176559237081060250      0.251327412287183805      2.280782220088732437
      2.176559237081060250      0.418879020478639452      2.344857728771875927
      2.176559237081060250      0.586430628670095100      2.482236081461375754
      2.176559237081060250      0.753982236861550525      2.682082849088340382
      2.176559237081060250      0.921533845053005951      2.925309354772813286
      2.176559237081060250      1.089085453244461377      3.183681587673611091
      2.176559237081060250      1.256637061435916802      3.438690918935178420
      2.176559237081060250      1.424188669627372228      3.675282988270889284
      2.176559237081060250      1.591740277818827654      3.875106038724627222
      2.176559237081060250      1.759291886010283079      4.031069682692804079
      2.176559237081060250      1.926843494201738505      4.123927355532928551
      2.176559237081060250      2.094395102393193930      4.153747846941165278
      2.176559237081060250      2.261946710584649356      4.118015718420870996
      2.176559237081060250      2.429498318776104782      4.019203530931619639
      2.176559237081060250      2.597049926967560207      3.864973313039420155
      2.176559237081060250      2.764601535159016077      3.659885753612541315
      2.176559237081060250      2.932153143350471947      3.418843609218441770
      2.321663186219797836     -1.340412865531644515      3.579733501657609729
      2.321663186219797836     -1.172861257340188867      3.302958587839692761
      2.321663186219797836     -1.005309649148733220      3.016740239244131594
      2.321663186219797836     -0.837758040957277683      2.734163808416019137
      2.321663186219797836     -0.670206432765822036      2.496420020521030736
      2.321663186219797836     -0.502654824574366388      2.321201505472620052
      2.321663186219797836     -0.335103216382910851      2.246685807387092115
      2.321663186219797836     -0.167551608191455204      2.269246649583009479
      2.321663186219797836      0.000000000000000444      2.307342383898343119
      2.321663186219797836      0.167551608191456092      2.280955875053921389
      2.321663186219797836      0.335103216382911739      2.266399050643556734
      2.321663186219797836      0.502654824574367387      2.337745002829503260
      2.321663186219797836      0.670206432765822813      2.516074852614166080
      2.321663186219797836      0.837758040957278238      2.762498786519581362
      2.321663186219797836      1.005309649148733664      3.037083314189794603
      2.321663186219797836      1.172861257340189090      3.328485041498590480
      2.321663186219797836      1.340412865531644515      3.601809348587492909
      2.321663186219797836      1.507964473723099941      3.834421070252037822
      2.321663186219797836      1.675516081914555366      4.033255291361846240
      2.321663186219797836      1.843067690106010792      4.168362675513840543
      2.321663186219797836      2.010619298297465996      4.237342023670684021
      2.321663186219797836      2.178170906488921865      4.234931389384025024
      2.321663186219797836      2.345722514680376847      4.160983038596242523
      2.321663186219797836      2.513274122871832716      4.020629764969824826
      2.321663186219797836      2.680825731063288586      3.824730076267870871
      2.321663186219797836      2.848377339254744456      3.579731529519229127
      2.466767135358534979     -1.424188669627372228      3.791678057745988539
      2.466767135358534979     -1.256637061435916580      3.511452110449655883
      2.466767135358534979     -1.089085453244460933      3.205588917070744781
      2.466767135358534979     -0.921533845053005396      2.899598718080374393
      2.466767135358534979     -0.753982236861549748      2.603878736965631102
      2.466767135358534979     -0.586430628670094101      2.366843707247756612
      2.466767135358534979     -0.418879020478638564      2.231409502391183519
      2.466767135358534979     -0.251327412287182916      2.212156698092990759
      2.466767135358534979     -0.083775804095727269      2.278080618108033750
      2.466767135358534979      0.083775804095728379      2.284197948808758039
      2.466767135358534979      0.251327412287184027      2.227943165085070731
      2.466767135358534979      0.418879020478639674      2.244586905613383809
      2.466767135358534979      0.586430628670095100      2.391047725047125372
      2.466767135358534979      0.753982236861550525      2.629333786786622884
      2.466767135358534979      0.921533845053005951      2.917487820688706712
      2.466767135358534979      1.089085453244461377      3.229356090703130455
      2.466767135358534979      1.256637061435916802      3.532510410337888818
      2.466767135358534979      1.424188669627372228      3.800919088464681295
      2.466767135358534979      1.591740277818827654      4.032028380977598303
      2.466767135358534979      1.759291886010283079      4.209872554250711829
      2.466767135358534979      1.926843494201738505      4.321084753501424736
      2.466767135358534979      2.094395102393193930      4.357838640397656782
      2.466767135358534979      2.261946710584649356      4.317416646242252298
      2.466767135358534979      2.429498318776104782      4.202010180945340956
      2.466767135358534979      2.597049926967560651      4.027130925774789816
      2.466767135358534979      2.764601535159016521      3.791680651807354252
      2.611871084497272122     -1.507964473723099941      4.039596771617107507
      2.611871084497272122     -1.340412865531644293      3.769480368648955970
      2.611871084497272122     -1.172861257340188645      3.461683834412410565
      2.611871084497272122     -1.005309649148732998      3.136431728814770281
      2.611871084497272122     -0.837758040957277461      2.807474012661147267
      2.611871084497272122     -0.670206432765821813      2.519215769300406027
      2.611871084497272122     -0.502654824574366277      2.302382701336576964
      2.611871084497272122     -0.335103216382910629      2.189881156535402607
      2.611871084497272122     -0.167551608191454982      2.197990199981239900
      2.611871084497272122      0.000000000000000666      2.232522431524934348
      2.611871084497272122      0.167551608191456314      2.199921290573122246
      2.611871084497272122      0.335103216382911961      2.198955729266468317
      2.611871084497272122      0.502654824574367387      2.315404617389206443
      2.611871084497272122      0.670206432765822813      2.534094662057269964
      2.611871084497272122      0.837758040957278238      2.830115708513309958
      2.611871084497272122      1.005309649148733664      3.150483611601296641
      2.611871084497272122      1.172861257340189090      3.473270204409905748
      2.611871084497272122      1.340412865531644515      3.778109214722480846
      2.611871084497272122      1.507964473723099941      4.044662153091926449
      2.611871084497272122      1.675516081914555366      4.263069052248058988
      2.611871084497272122      1.843067690106010792      4.408962595500125481
      2.611871084497272122      2.010619298297465996      4.487441923537832444
      2.611871084497272122      2.178170906488921865      4.486107459954379095
      2.611871084497272122      2.345722514680376847      4.404778147820210599
      2.611871084497272122      2.513274122871832716      4.255081006891073159
      2.611871084497272122      2.680825731063288586      4.039606625157003528
      2.756975033636009265     -1.591740277818827654      4.299935783866987826
      2.756975033636009265     -1.424188669627372006      4.048682232773962220
      2.756975033636009265     -1.256637061435916358      3.750716257064111048
      2.756975033636009265     -1.089085453244460933      3.425865668661118857
      2.756975033636009265     -0.921533845053005174      3.086652802240088977
      2.756975033636009265     -0.753982236861549526      2.765051989692913104
      2.756975033636009265     -0.586430628670093990      2.485860817696326386
      2.756975033636009265     -0.418879020478638342      2.293399363161892968
      2.756975033636009265     -0.251327412287182694      2.203186627329534186
      2.756975033636009265     -0.083775804095727047      2.199299259985187494
      2.756975033636009265      0.083775804095728601      2.203585184050579571
      2.756975033636009265      0.251327412287184249      2.214768933787316652
      2.756975033636009265      0.418879020478639674      2.301817374236832414
      2.756975033636009265      0.586430628670095100      2.496903942562862966
      2.756975033636009265      0.753982236861550525      2.777012117221217657
      2.756975033636009265      0.921533845053005951      3.098092896026653165
      2.756975033636009265      1.089085453244461377      3.435579557986866206
      2.756975033636009265      1.256637061435916802      3.766766992948578530
      2.756975033636009265      1.424188669627372228      4.061273285190633686
      2.756975033636009265      1.591740277818827654      4.307803282087974139
      2.756975033636009265      1.759291886010283079      4.500738809234506199
      2.756975033636009265      1.926843494201738505      4.611733027523686523
      2.756975033636009265      2.094395102393193930      4.651186011273528820
      2.756975033636009265      2.261946710584649356      4.609325718358382673
      2.756975033636009265      2.429498318776105226      4.495936223101005602
      2.756975033636009265      2.597049926967561095      4.299944810115391647
      2.902078982774746407     -1.675516081914555366      4.572191296632786894
      2.902078982774746407     -1.507964473723099719      4.343309810799011572
      2.902078982774746407     -1.340412865531644071      4.064935052966800910
      2.902078982774746407     -1.172861257340188423      3.741727405200090839
      2.902078982774746407     -1.005309649148732998      3.404316915051776249
      2.902078982774746407     -0.837758040957277239      3.066771118779160865
      2.902078982774746407     -0.670206432765821702      2.762764521467051981
      2.902078982774746407     -0.502654824574366055      2.509846649652042849
      2.902078982774746407     -0.335103216382910407      2.350932915621839037
      2.902078982774746407     -0.167551608191454759      2.284239818084593310
      2.902078982774746407      0.000000000000000888      2.271550060981153862
      2.902078982774746407      0.167551608191456536      2.289821739886755747
      2.902078982774746407      0.335103216382911961      2.361200875165812896
      2.902078982774746407      0.502654824574367387      2.523335069157919275
      2.902078982774746407      0.670206432765822813      2.770619442871902649
      2.902078982774746407      0.837758040957278238      3.082624327559818411
      2.902078982774746407      1.005309649148733664      3.419827969509835697
      2.902078982774746407      1.172861257340189090      3.756328595255023384
      2.902078982774746407      1.340412865531644515      4.069545125209394598
      2.902078982774746407      1.507964473723099941      4.351349859269615372
      2.902078982774746407      1.675516081914555366      4.569409313978344045
      2.902078982774746407      1.843067690106010792      4.725500855894147811
      2.902078982774746407      2.010619298297465996      4.804667129484753829
      2.902078982774746407      2.178170906488921865      4.803462849651975120
      2.902078982774746407      2.345722514680377735      4.722100091620410112
      2.902078982774746407      2.513274122871833605      4.572229721353199494
      3.047182931913483994     -1.759291886010283079      4.804321166343974880
      3.047182931913483994     -1.591740277818827431      4.623848239553964845
      3.047182931913483994     -1.424188669627371784      4.370384897338510655
      3.047182931913483994     -1.256637061435916358      4.067852823460864187
      3.047182931913483994     -1.089085453244460489      3.739739773440432291
      3.047182931913483994     -0.921533845053004952      3.404736948083096681
      3.047182931913483994     -0.753982236861549415      3.085574732678015852
      3.047182931913483994     -0.586430628670093768      2.801666025389629944
      3.047182931913483994     -0.418879020478638120      2.595944360021065656
      3.047182931913483994     -0.251327412287182472      2.466213221803839506
      3.047182931913483994     -0.083775804095726825      2.422088885622333265
      3.047182931913483994      0.083775804095728823      2.423457434871419292
      3.047182931913483994      0.251327412287184249      2.470507525031732321
      3.047182931913483994      0.418879020478639674      2.603264785974753082
      3.047182931913483994      0.586430628670095100      2.811623595359530547
      3.047182931913483994      0.753982236861550525      3.097199951217677327
      3.047182931913483994      0.921533845053005951      3.417124533942601516
      3.047182931913483994      1.089085453244461377      3.752275243335736032
      3.047182931913483994      1.256637061435916802      4.078917638337586915
      3.047182931913483994      1.424188669627372228      4.378084209466795329
      3.047182931913483994      1.591740277818827654      4.629591985928581899
      3.047182931913483994      1.759291886010283079      4.808320149862751691
      3.047182931913483994      1.926843494201738505      4.923583429519036159
      3.047182931913483994      2.094395102393193930      4.961867250935077855
      3.047182931913483994      2.261946710584649800      4.921582859020906753
      3.047182931913483994      2.429498318776105670      4.804351604440747714
      3.192286881052221137     -1.843067690106010792      5.003875139634319069
      3.192286881052221137     -1.675516081914555144      4.865941910851575791
      3.192286881052221137     -1.507964473723099497      4.652331166161306264
      3.192286881052221137     -1.340412865531643849      4.383574109090826454
      3.192286881052221137     -1.172861257340188423      4.069067406128947795
      3.192286881052221137     -1.005309649148732554      3.743766935437003784
      3.192286881052221137     -0.837758040957277128      3.427593793129256827
      3.192286881052221137     -0.670206432765821480      3.135609662499327932
      3.192286881052221137     -0.502654824574365833      2.893092811440475476
      3.192286881052221137     -0.335103216382910185      2.725594135820868402
      3.192286881052221137     -0.167551608191454537      2.630423962335871391
      3.192286881052221137      0.000000000000001110      2.605294315488102086
      3.192286881052221137      0.167551608191456536      2.630445345925311429
      3.192286881052221137      0.335103216382911961      2.726732106485045382
      3.192286881052221137      0.502654824574367387      2.896566008532393433
      3.192286881052221137      0.670206432765822813      3.134164218943965796
      3.192286881052221137      0.837758040957278238      3.435715203812978569
      3.192286881052221137      1.005309649148733664      3.753336402196399746
      3.192286881052221137      1.172861257340189090      4.078439016923431026
      3.192286881052221137      1.340412865531644515      4.390398444548002210
      3.192286881052221137      1.507964473723099941      4.657740614398800716
      3.192286881052221137      1.675516081914555366      4.870035269796016308
      3.192286881052221137      1.843067690106010792      5.006335368055285784
      3.192286881052221137      2.010619298297465996      5.080540848753735794
      3.192286881052221137      2.178170906488921865      5.079771577255168147
      3.192286881052221137      2.345722514680377735      5.003874787375355737
      3.337390830190958280     -1.926843494201738505      5.159849572775624615
      3.337390830190958280     -1.759291886010282857      5.053343696505210758
      3.337390830190958280     -1.591740277818827209      4.881989003969159135
      3.337390830190958280     -1.424188669627371784      4.654123635854799268
      3.337390830190958280     -1.256637061435915914      4.373582431080594191
      3.337390830190958280     -1.089085453244460489      4.068940499142310152
      3.337390830190958280     -0.921533845053004841      3.755568730504347030
      3.337390830190958280     -0.753982236861549193      3.466031534321354357
      3.337390830190958280     -0.586430628670093546      3.207349734801315577
      3.337390830190958280     -0.418879020478637898      3.013281624731975139
      3.337390830190958280     -0.251327412287182250      2.889662041264524639
      3.337390830190958280     -0.083775804095726603      2.832625629747854479
      3.337390830190958280      0.083775804095728823      2.831159400451042529
      3.337390830190958280      0.251327412287184249      2.886259512423663853
      3.337390830190958280      0.418879020478639674      3.010215702652071279
      3.337390830190958280      0.586430628670095100      3.206674874942497588
      3.337390830190958280      0.753982236861550525      3.468406082774958321
      3.337390830190958280      0.921533845053005951      3.760739748567994756
      3.337390830190958280      1.089085453244461377      4.067964529925751194
      3.337390830190958280      1.256637061435916802      4.378711317812359560
      3.337390830190958280      1.424188669627372228      4.658640173340419466
      3.337390830190958280      1.591740277818827654      4.885817394872674413
      3.337390830190958280      1.759291886010283079      5.055963523869777099
      3.337390830190958280      1.926843494201738505      5.161086322204736732
      3.337390830190958280      2.094395102393194374      5.196248762216310269
      3.337390830190958280      2.261946710584650244      5.159857269751643827
      3.482494779329695866     -2.010619298297466440      5.251921627528829184
      3.482494779329695866     -1.843067690106010792      5.185100283558745637
      3.482494779329695866     -1.675516081914555144      5.055566409022254959
      3.482494779329695866     -1.507964473723099719      4.869969831417463979
      3.482494779329695866     -1.340412865531643849      4.629502877306574504
      3.482494779329695866     -1.172861257340188423      4.350107122094773793
      3.482494779329695866     -1.005309649148732776      4.056529475877681534
      3.482494779329695866     -0.837758040957277128      3.770112582844324933
      3.482494779329695866     -0.670206432765821480      3.520256105295509474
      3.482494779329695866     -0.502654824574365833      3.309762462992409837
      3.482494779329695866     -0.335103216382910185      3.163187614179747253
      3.482494779329695866     -0.167551608191454537      3.070801958997712688
      3.482494779329695866      0.000000000000000888      3.041761518582742685
      3.482494779329695866      0.167551608191456314      3.065681717843986132
      3.482494779329695866      0.335103216382911739      3.155112445337087124
      3.482494779329695866      0.502654824574367165      3.302051756082694300
      3.482494779329695866      0.670206432765822591      3.515447463388264637
      3.482494779329695866      0.837758040957278016      3.769163228086149786
      3.482494779329695866      1.005309649148733442      4.058124846664401986
      3.482494779329695866      1.172861257340188867      4.352443262214296560
      3.482494779329695866      1.340412865531644293      4.632219990753616123
      3.482494779329695866      1.507964473723099719      4.872902122583518292
      3.482494779329695866      1.675516081914555144      5.058035774166728338
      3.482494779329695866      1.843067690106010570      5.186658137204042340
      3.482494779329695866      2.010619298297466440      5.252427391000740187
      3.482494779329695866      2.178170906488922309      5.251889540937387579
      3.627598728468433453     -2.094395102393194374      5.285176784131993877
      3.627598728468433453     -1.926843494201738727      5.254432489032612175
      3.627598728468433453     -1.759291886010283079      5.164661830789634145
      3.627598728468433453     -1.591740277818827654      5.010599223566128302
      3.627598728468433453     -1.424188669627371784      4.812766378502871589
      3.627598728468433453     -1.256637061435916358      4.573817791441144642
      3.627598728468433453     -1.089085453244460711      4.311236395310928948
      3.627598728468433453     -0.921533845053005063      4.044692208148661372
      3.627598728468433453     -0.753982236861549415      3.806158500494226438
      3.627598728468433453     -0.586430628670093768      3.594570625725603819
      3.627598728468433453     -0.418879020478638120      3.432172968372491528
      3.627598728468433453     -0.251327412287182472      3.320556778275407961
      3.627598728468433453     -0.083775804095727047      3.267503062803176039
      3.627598728468433453      0.083775804095728379      3.263649429023030013
      3.627598728468433453      0.251327412287183805      3.310361246447786510
      3.627598728468433453      0.418879020478639230      3.418914453176069124
      3.627598728468433453      0.586430628670094656      3.582207023755478392
      3.627598728468433453      0.753982236861550081      3.797316469110422421
      3.627598728468433453      0.921533845053005507      4.039474903185880095
      3.627598728468433453      1.089085453244460933      4.308647333710660554
      3.627598728468433453      1.256637061435916358      4.573582334284929551
      3.627598728468433453      1.424188669627371784      4.813939567507428130
      3.627598728468433453      1.591740277818827209      5.012354011136181953
      3.627598728468433453      1.759291886010282635      5.166028948936317811
      3.627598728468433453      1.926843494201738505      5.255272056229013167
      3.627598728468433453      2.094395102393194374      5.285181551730393501
